name	2966	253	254	257	259	260	1459	346	350	348	301	335Тимофей Березнер	0	0	0	0	0	0	0	0	0	0	0	0	0
Дмитрий Болдин	0	0	0	0	0	0	0	0	0	0	0	0	0
Александр Будницкий	0	0	0	0	0	0	0	0	0	0	0	0	0
Алексей Волков	0	0	0	0	0	0	0	0	0	0	0	0	0
Дарья Иоанна Галимская	0	0	0	0	0	0	0	0	0	0	0	0	0
Алексей Данченков	0	0	0	0	0	0	0	0	0	0	0	0	0
Ярослав Денисов	0	0	0	0	0	0	0	0	0	0	0	0	0
Алексей Колбей	0	0	0	0	0	0	1	0	0	0	0	0	1
Алексей Сидоренко	0	0	0	0	0	0	0	0	0	0	0	0	0
Василий Тесалин	0	0	0	0	0	0	0	0	0	0	0	0	0
Иван Цыбулько	0	0	0	0	0	0	0	0	0	0	0	0	0
Вероника Чичерина	0	0	0	0	0	0	0	0	0	0	0	0	0
Кирилл Ярышкин	0	0	0	0	0	0	0	1	0	0	0	1	2
Никита Азаров	0	0	0	0	0	0	0	0	0	0	0	0	0
Денис Актюрк	0	0	1	0	0	0	0	0	0	0	0	0	1
Илья Артамонов	0	0	0	0	0	0	0	0	0	0	0	0	0
Никита Бульчук	0	0	0	0	0	0	0	1	1	1	0	1	4
Кирилл Кротов	0	0	0	0	0	0	0	0	0	0	0	0	0
Денис Ксенофонтов	0	0	0	0	0	0	0	0	0	0	0	0	0
Мерт Мусеибов	0	0	0	0	0	0	0	0	0	0	0	0	0
Ксения Никитина	0	0	0	0	0	0	0	0	0	0	0	0	0
Александр Симаков	0	0	0	0	0	0	0	0	0	0	0	0	0
Юрий Титаренко	0	0	0	0	0	0	0	0	0	0	0	0	0
Ульяна Фролова	0	0	0	0	0	0	0	0	0	0	0	0	0
Анна Халимова	0	0	0	0	0	0	0	0	0	0	0	0	0
Даниил Чебанов	0	0	0	0	0	0	0	0	0	0	0	0	0
Екатерина Шибанова	0	0	0	0	0	0	0	0	0	0	0	0	0
Милена Шумахова	0	0	0	0	0	0	0	0	0	0	0	0	0
