name	3065	3068	3070	3071	3078	114	115	116	117	118	119
Тимофей Березнер	1	1	1	1	0	1	1	1	1	1	1	10
Дмитрий Болдин	0	0	0	0	0	0	1	1	0	0	0	2
Александр Будницкий	0	0	0	0	0	0	0	0	0	0	0	0
Алексей Волков	1	1	0	0	0	0	0	0	0	0	0	2
Дарья Иоанна Галимская	1	1	0	0	0	0	0	0	0	0	0	2
Алексей Данченков	1	1	1	1	0	1	1	0	1	1	0	8
Ярослав Денисов	1	0	0	0	0	0	0	0	0	0	0	1
Алексей Колбей	1	1	0	0	0	0	0	0	0	0	0	2
Алексей Сидоренко	1	1	0	0	0	1	1	1	1	1	0	7
Василий Тесалин	0	0	0	0	0	0	0	0	0	0	0	0
Иван Цыбулько	0	0	0	0	0	0	0	0	0	0	0	0
Вероника Чичерина	0	0	0	0	0	0	0	0	0	0	0	0
Кирилл Ярышкин	1	1	1	1	0	1	1	1	0	0	0	7
Максим Рачинский	0	0	0	0	0	0	0	0	0	0	0	0
Никита Азаров	0	0	0	0	0	0	0	0	0	0	0	0
Денис Актюрк	0	1	0	0	0	0	0	0	0	0	0	1
Илья Артамонов	0	0	0	0	0	0	0	0	0	0	0	0
Никита Бульчук	1	1	0	0	0	1	1	1	1	1	0	7
Кирилл Кротов	0	0	0	0	0	0	0	0	0	0	0	0
Денис Ксенофонтов	0	0	0	0	0	0	0	0	0	0	0	0
Мерт Мусеибов	0	0	0	0	0	0	0	0	0	0	0	0
Ксения Никитина	0	0	0	0	0	0	0	0	0	0	0	0
Александр Симаков	1	1	0	0	0	0	0	0	0	0	0	2
Юрий Титаренко	0	0	0	0	0	0	0	0	0	0	0	0
Ульяна Фролова	1	1	0	0	0	1	0	0	1	0	0	4
Анна Халимова	0	0	0	0	0	0	0	0	0	0	0	0
Даниил Чебанов	0	0	0	0	0	0	0	0	0	0	0	0
Екатерина Шибанова	1	1	0	0	0	0	0	0	0	0	0	2
Милена Шумахова	1	1	0	0	0	0	0	0	0	0	0	2
